song_names,preprocessing_time,execution_time
S0000.wav,0.586000,14.350000
